0.258834839,0.400253296,1.23348999
0.065261841,0.878341675,0.488098145
0.345687866,0.667037964,0.283126831
0.398651123,1.115982056,-0.137786865
0.811309814,1.074279785,0.044082642
0.707595825,0.841522217,0.219970703
0.305084229,0.709838867,1.212768555
0.561553955,1.163467407,0.080062866
0.273727417,0.886154175,-0.05368042
0.199142456,0.949996948,0.184295654
0.287124634,1.164520264,0.264251709
0.307952881,0.98298645,0.402572632
0.540664673,1.016540527,0.488555908
0.403030396,0.880157471,0.557403564
0.335891724,0.615829468,0.568130493
0.291900635,0.455062866,0.418685913
0.176071167,0.436096191,0.528091431
0.290542603,0.489761353,0.580871582
0.427597046,0.58921814,0.692993164
0.451934814,0.732452393,0.71434021
0.494506836,0.994186401,0.962493896
0.569992065,0.960494995,0.82611084
0.423431396,1.099655151,0.303695679
0.499145508,0.978118896,0.334823608
0.353347778,0.915939331,0.294769287
0.542022705,0.951370239,0.267929077
0.348419189,0.758743286,0.132598877
0.379211426,0.674423218,0.154800415
0.223876953,0.561065674,0.122665405
0.309112549,0.558181763,0.04057312
0.503158569,0.716430664,0.045059204
0.609848022,0.872817993,0.039810181
0.615814209,1.190872192,-0.160339355
0.608093262,1.427337646,-0.296524048
0.556915283,1.605880737,-0.304946899
0.117218018,1.208175659,0.076599121
0.173522949,1.052322388,0.342651367
0.236312866,0.871261597,0.07144165
0.221847534,0.542160034,0.423919678
0.298187256,0.31451416,0.3150177
0.181045532,0.226455688,0.137908936
0.081817627,0.361251831,0.321624756
0.308425903,0.555526733,0.69430542
0.548812866,0.882919312,0.895217896
0.643112183,1.095916748,0.934402466
0.602996826,1.062591553,0.805435181
0.317443848,1.046127319,0.266708374
0.381149292,0.876922607,0.337753296
0.313415527,0.752883911,0.346572876
0.512588501,0.887985229,0.093994141
0.385101318,0.675888062,0.100860596
0.164505005,0.40826416,0.004379272
0.163589478,0.563354492,0.007476807
0.386627197,0.732635498,0.082809448
0.711196899,1.143661499,0.058319092
0.717300415,1.280731201,-0.042724609
0.419006348,1.051895142,-0.233108521
0.540374756,1.410675049,-0.192687988
0.41053772,1.361572266,-0.112121582
0.06427002,1.100280762,0.304519653
0.09602356,1.013977051,0.127639771
0.410583496,0.574584961,0.477661133
0.146484375,0.489639282,0.222991943
0.117706299,0.176757813,0.204208374
0.079666138,0.343017578,0.263473511
0.305831909,0.472198486,0.785598755
0.576980591,0.768783569,1.061798096
0.718704224,0.932098389,1.174865723
0.447402954,0.987136841,0.449829102
0.433105469,1.100967407,0.357070923
0.230377197,0.861526489,0.373703003
0.368896484,0.793884277,0.294586182
0.636138916,0.798675537,0.148620605
0.455123901,0.512481689,0.118988037
0.227462769,0.433837891,-0.004119873
0.147888184,0.525619507,0.1275177
0.580322266,0.824401855,0.100448608
0.821029663,1.004776001,0.011016846
0.679931641,1.126815796,-0.152954102
0.465026855,1.173538208,-0.294723511
0.66116333,1.588729858,-0.434234619
0.363327026,1.33946228,0.248687744
0.289825439,1.16897583,0.308883667
0.284896851,1.107513428,-0.004653931
0.142486572,0.511871338,0.53276062
0.193771362,0.299575806,0.3465271
0.054244995,0.094467163,0.027450562
0.095779419,0.133239746,0.14831543
0.321487427,0.30947876,0.666351318
0.492538452,0.518615723,1.11769104
0.736526489,0.693313599,1.422180176
0.525894165,0.880767822,1.430038452
0.116333008,0.927993774,0.550842285
0.13293457,1.076629639,0.491638184
0.148513794,0.762588501,0.476455688
0.402069092,0.715744019,0.354797363
0.468475342,0.740432739,0.299880981
0.268814087,0.592514038,0.083328247
0.287384033,0.682357788,0.066314697
0.233612061,0.730682373,0.019622803
0.410079956,0.734939575,0.054763794
0.369796753,0.855743408,0.041259766
0.425888062,0.902603149,0.042770386
0.149765015,0.860305786,0.185119629
0.473068237,0.951675415,-0.040756226
0.710693359,0.947402954,-0.103744507
0.590621948,1.332717896,-0.352676392
0.113739014,1.44078064,0.276489258
0.154129028,1.384231567,0.336120605
0.482162476,1.346206665,0.265808105
0.186233521,0.596801758,0.294387817
0.338088989,0.278778076,0.497634888
0.366653442,0.18699646,0.385574341
0.085693359,0.281143188,0.313339233
0.159591675,0.294876099,0.768585205
0.310821533,0.488357544,0.634735107
0.529159546,0.4947052,0.975234985
0.535064697,0.584732056,1.072265625
0.573028564,0.820022583,1.080154419
0.509170532,1.126037598,0.602767944
0.142929077,0.963195801,0.398544312
0.304244995,1.002410889,0.532058716
0.451751709,1.030029297,0.165512085
0.511352539,0.947494507,0.158035278
0.443649292,0.746963501,0.074493408
0.289657593,0.462997437,0.063613892
0.237869263,0.497436523,0.144058228
0.359786987,0.541244507,-0.009597778
0.601898193,1.091079712,-0.025192261
0.58404541,1.278442383,-0.157669067
0.490081787,1.336685181,-0.36730957
0.566818237,1.5677948,-0.272003174
0.246017456,1.250289917,0.108001709
0.263183594,0.985046387,0.45652771
0.158843994,1.014663696,-0.119232178
0.30291748,0.541381836,0.466598511
0.171981812,0.479858398,0.068664551
0.1927948,0.069976807,0.204101563
0.073196411,0.234619141,0.390914917
0.463058472,0.458328247,0.904251099
0.635864258,0.742401123,0.923873901
0.616958618,0.788574219,1.031707764
0.778915405,1.166915894,0.564056396
0.394821167,0.931396484,0.313796997
0.373565674,0.770294189,0.364974976
0.539993286,0.883209229,0.217666626
0.523254395,0.818878174,0.21434021
0.351516724,0.405593872,-0.023498535
0.137802124,0.34928894,0.073974609
0.295394897,0.677429199,0.09286499
0.620742798,0.997131348,-0.080383301
0.6902771,1.131072998,-0.016845703
0.507507324,1.090103149,-0.137374878
0.459823608,1.215316772,-0.353408813
0.660324097,1.557235718,-0.182373047
0.282455444,1.237869263,0.094573975
0.396087646,1.072296143,0.399902344
0.309188843,0.939453125,-0.162979126
0.216140747,0.363311768,0.393981934
0.227676392,0.45262146,0.192382813
0.125244141,0.143707275,0.208511353
0.095443726,0.325515747,0.267623901
0.406555176,0.291381836,0.81477356
0.746826172,0.680801392,1.129653931
0.705886841,0.541641235,1.116592407
0.947555542,0.908889771,0.973205566
0.234375,0.875061035,0.356964111
0.510253906,1.054153442,0.427749634
0.202148438,0.791351318,0.398803711
0.462249756,0.765563965,0.312683105
0.51399231,0.542098999,0.097625732
0.326416016,0.518569946,0.03616333
0.218688965,0.542572021,0.128738403
0.354568481,0.775009155,0.071075439
0.663223267,1.014419556,0.064544678
0.603225708,1.057373047,-0.114349365
0.576690674,1.185577393,-0.211593628
0.487304688,1.377044678,-0.227874756
0.601867676,1.565551758,-0.047225952
0.20791626,1.288650513,0.224838257
0.260665894,0.994903564,0.452941895
0.221969604,0.899612427,-0.134750366
0.163238525,0.263137817,0.511154175
0.229309082,0.305969238,0.156768799
0.086547852,0.117401123,0.071182251
0.160186768,0.108581543,0.343307495
0.342941284,0.311019897,0.946273804
0.452957153,0.571533203,1.197875977
0.658462524,0.572113037,1.499359131
0.510543823,0.786941528,1.511581421
0.106002808,0.744262695,0.486816406
-0.001419067,1.185119629,0.477386475
0.0050354,0.934432983,0.494033813
0.465942383,0.779266357,0.306945801
0.360977173,0.71333313,0.295211792
0.113052368,0.684066772,0.097824097
0.19178772,0.765441895,0.055892944
0.176635742,0.852890015,0.118484497
0.376251221,0.855606079,0.05796814
0.326934814,0.891799927,0.241134644
0.272964478,0.774002075,0.080505371
0.291183472,0.869674683,0.011611938
0.319747925,0.855361938,-0.042007446
0.505508423,1.056671143,-0.075180054
0.47215271,0.976287842,-0.535980225
0.421447754,1.460739136,-0.061889648
-0.118621826,1.340408325,0.322525024
0.222305298,1.329086304,0.443237305
0.310577393,1.086730957,0.179626465
0.306747437,0.346618652,0.46534729
0.350952148,0.48526001,0.546127319
0.269058228,0.385940552,0.648452759
0.069747925,0.398483276,0.520217896
0.164794922,0.357833862,0.651275635
0.210540771,0.36038208,0.693359375
0.469772339,0.511795044,1.132263184
0.579421997,0.608352661,1.208007813
0.378311157,0.823257446,1.266281128
0.002243042,0.891769409,0.518218994
0.360519409,1.132324219,0.56552124
0.28515625,1.039199829,0.378585815
0.475784302,0.931381226,0.345001221
0.436080933,0.865844727,0.275802612
0.402633667,0.734619141,0.142837524
0.347503662,0.543411255,0.148834229
0.170379639,0.454833984,0.112686157
0.354736328,0.686798096,0.104156494
0.532440186,1.099456787,0.01109314
0.538101196,1.229232788,-0.104507446
0.46546936,1.375427246,-0.394683838
0.322006226,1.554077148,-0.154693604
0.163497925,1.288757324,0.256942749
0.214370728,0.976318359,0.321655273
-0.022521973,0.970809937,0.025558472
0.410888672,0.407226563,0.505432129
0.021270752,0.387268066,0.167922974
0.163650513,0.156951904,0.172210693
0.231399536,0.266052246,0.503936768
0.328475952,0.402587891,0.766143799
0.648544312,0.679733276,1.049316406
0.669921875,0.734176636,1.139602661
0.639648438,0.938339233,1.065093994
0.146102905,0.941101074,0.353118896
0.638076782,1.160064697,0.493240356
0.279953003,0.802932739,0.216888428
0.348190308,0.872207642,0.226730347
0.299133301,0.683670044,0.158859253
0.256027222,0.491790771,0.031341553
0.191452026,0.49118042,0.11668396
0.253860474,0.677062988,0.014801025
0.63671875,1.15826416,-0.131607056
0.573150635,1.254608154,-0.130386353
0.387542725,1.216018677,-0.286514282
0.451202393,1.430526733,-0.27281189
0.317550659,1.43145752,0.033462524
0.120666504,1.111923218,0.218765259
0.260879517,1.0675354,0.446395874
0.267074585,0.641281128,0.104446411
0.059692383,0.346817017,0.304595947
0.204818726,0.069473267,0.165206909
0.021759033,0.181121826,0.225143433